300436
301533
301662
301217
002314
603936
601138
002981
001298
603130
603776
301233
002384
688553
300057
600876
300709
688312
603129
603511
837821
300993
001283
301005
838971
002629
300688
000851
688519
300750
301106
002104
688260
301528
002695
300409
003029
603927
300796
002463
837344
003015
002849
605009
838701
605100
301268
600977
002810
688093
301458
002846
000518
688275
301366
688013
300102
300763
002468
301500
300951
301047
002873
300344
002466
301018
300207
000722
301259
605116
002281
300657
301362
002877
300457
603277
871857
832149
600620
002715
603836
833284
300486
688237
300909
300798
600387
300534
688279
000603
002826
301479
002008
301314
688382
600119
300521
605123
688227
688135
301486
603508
300586
002745
002192
300373
000509
837046
603319
605303
301286
002782
603167
002625
301133
603719
000938
301195
001229
300878
603955
002139
300016
300463
300789
600885
603958
600721
688766
603052
873152
002330
600785
601336
600608
301333
000021
600410
603090
300862
605136
600062
002888
000993
688768
688648
600498
300679
003026
301613
600531
300428
603799
002880
002048
873305
001319
300923
300403
000679
600381
603026
301499
300624
301396
688609
605336
300677
600857
300519
002912
301557
300565
301337
002108
603895
688228
001206
301220
300752
300982
002551
301185
601811
000503
300448
688589
300802
002014
301202
002546
605133
600993
603848
002703
000752
603068
301122
603682
603926
300650
688011
871981
002848
301221
688653
002232
600309
688661
002363
000799
688610
603019
688330
600201
300130
688383
002262
000615
000710
002869
001228
837006
603970
603529
603369
300899
300929
301216
688458
688235
603976
603408
838030
688138
002855
600999
600683
688356
603172
000403
301131
688757
600422
920098
301066
837023
688108
603318
002120
300820
300559
603122
300641
300242
600276
002399
003043
688693
600522
603345
600988
603005
300234
000697
301413
000869
601702
301088
603036
300285
002927
301568
603091
603889
603877
835670
430718
688251
603088
002356
301278
000833
003004
002085
688657
301298
300658
301270
600939
836270
688018
688051
002823
603217
688028
300845
870436
001259
688578
002067
301238
688181
601279
600107
301446
688571
300674
001238
603439
601066
688535
688685
605388
300339
300999
002153
600075
300161
300689
300783
600865
603200
300609
600724
002886
605300
000876
000066
603049
301602
603681
300489
688528
688112
300062
832171
600167
600362
603700
603618
300836
688981
688718
000529
002100
600232
301428
002452
001356
300588
002617
833346
301595
603107
603050
002842
688085
603065
300785
301501
001390
300817
688286
000524
603337
301633
301135
300188
002805
688277
605599
002158
301169
002940
605358
688017
301071
301107
301580
832317
688555
603980
603299
603213
601116
600840
600837
600836
600804
600799
600788
600786
600781
600772
600767
600766
600762
600752
600747
600723
600709
600672
600670
600669
600659
600555
600553
600181
600175
600162
600145
600139
600100
600077
600074
600070
600069
600068
600065
600005
600003
600002
600001
300813
300741
300643
300630
300535
300526
300495
300431
300116
300108
300104
300097
300090
300089
300064
002910
002828
002789
002772
002702
002575
002469
002238
002234
000861
000836
000835
000832
000827
000817
000806
000805
000787
000782
000780
000769
000765
000691
000671
000667
000666
000662
000660
000658
000653
000621
000618
000616
000613
000611
000606
000602
000578
000569
000562
000556
000554
000402
000005
000003
300666
600486
300687
688095
603348
600088
833030
000020
300522
600776
300386
300179
688691
001335
002905
000887
002595
688128
600599
000917
000731
300634
002514
601179
001358
002664
301019
002555
300137
003012
300456
601789
603931
688162
600230
002059
605368
603053
301156
600887
603813
603860
688711
002098
603322
000028
832225
300780
300943
002095
603239
301239
002736
300745
603517
688345
688576
603815
300825
000902
600903
000089
605318
833943
600833
301315
600730
000785
688290
002915
837748
605198
301016
603900
688720
688152
688586
600735
603136
600579
301212
300918
600032
300430
002921
603135
601579
600573
603066
000681
301186
688012
603330
002991
000967
002847
603637
300797
600714
300135
301027
600749
834950
300236
603829
603023
002389
002780
600425
301299
000096
300970
688046
002164
833580
300513
301153
002253
002929
301062
600862
603076
300724
000933
301115
002277
001328
603339
300716
002532
002025
603100
300776
600415
002622
301076
003009
600580
002150
603638
830779
300748
002530
835857
603063
600895
002568
300542
688081
600376
301232
688308
002872
300995
873706
002246
688175
002667
002168
300487
831278
300751
300908
688198
000923
600551
605128
600246
002759
873122
688625
002586
300876
301535
688212
603072
603185
301073
300859
301168
300855
002933
002160
002669
000599
833509
603516
300555
300606
301456
300069
002058
300092
605008
000576
603159
001202
002318
831768
601106
601865
000820
688159
605016
301320
300533
833751
603093
002128
871553
920002
603121
605298
300051
301155
300847
002335
301068
688039
301307
836871
301000
002827
920019
301607
688037
688226
301148
002040
300121
839790
300947
300721
830839
688332
688536
601100
300697
600603
300467
839273
002801
688047
836807
002816
600992
605099
600097
601595
300727
002199
300600
000798
300260
688489
300652
871396
301125
300437
688206
603048
002898
600416
300881
301388
002485
600793
688521
688143
603373
603988
871634
002951
600241
002165
300120
300810
605389
605151
002916
000622
688573
832522
300129
301276
002852
601606
300801
300379
688683
301357
688189
301203
688221
688320
603626
002728
300138
300022
688511
300274
688592
600191
002106
600605
603221
300826
603306
605199
300037
688456
603693
603515
836221
600694
603655
300217
301040
835508
000037
688450
001379
300990
300232
603779
300492
603906
603168
688689
301381
301252
002960
301002
300305
603727
688651
002343
000668
601166
301129
301566
300468
831834
688778
000627
600197
600729
001221
603262
603559
688076
831641
002581
688120
600779
301491
300300
601059
600628
603260
301575
601995
603400
601298
603633
603333
603825
301668
688668
000631
833874
300791
300100
000688
002884
688190
300469
688176
300445
301606
301026
688719
600259
871694
603843
301289
688350
603040
300900
603876
832145
301418
000733
603388
300553
836504
873806
605166
603199
688334
300357
688400
300738
300269
600490
301108
831305
688136
000705
600703
601611
600008
301338
300672
300215
301567
600159
001389
300604
603151
605378
688717
300683
603896
600983
600499
603629
300903
300151
000862
603127
301117
000595
300596
600775
600111
003039
300965
603301
300885
839719
000966
603969
603701
600592
002425
834407
002144
688285
002155
832491
300473
600456
688627
605369
688171
605006
000863
300768
603324
300698
300725
838837
300497
603982
920005
603580
301235
002159
600562
300181
688130
603173
920489
600962
688370
603380
300314
600146
002020
301331
836717
600713
871642
600699
603099
300671
300755
002850
920008
002370
000507
002126
603728
002077
833266
688269
002747
688165
603595
605068
600035
300484
688679
603124
600791
301175
300548
920108
688253
001296
002833
603258
301617
002196
002351
600108
603823
688281
002129
688622
002130
001222
002956
000978
301083
600071
688325
300891
603080
301526
300331
300942
688201
002862
002501
002088
603663
300772
600320
600832
301193
301302
300616
688261
300786
002692
600530
603696
601126
688428
600215
601233
603363
301571
600801
001388
605169
603959
603229
301060
603085
002674
301096
870204
688819
600545
603833
000567
603826
603261
301081
301309
000623
002294
603272
300049
688621
000597
003010
002890
301516
605069
605018
603698
688219
920445
001203
002787
001330
300407
300115
300865
300508
300761
600061
301601
600501
688517
002652
600982
000973
688767
600433
300655
688139
301006
835174
831961
601500
000819
603270
300218
300442
000699
002712
430017
600509
002863
000708
603069
301329
300575
301128
603189
002184
000673
832471
688373
301611
300753
300233
000877
300385
688307
688671
603903
002790
603759
600655
688372
000760
000730
000689
000822
600635
002480
870199
300795
688259
002608
601566
002860
301391
600359
300516
688607
600702
688337
600493
300976
603739
002275
600389
300769
000830
600960
000686
600237
603979
301042
603192
603918
600817
300353
301587
002472
300501
002137
300455
688310
600536
600405
603615
605566
002475
300667
300395
835305
605268
300109
002266
603583
301577
605398
600557
600682
002051
688378
300056
300912
000034
603307
600182
301288
600596
600597
688150
002579
688186
002296
000878
002925
605168
688789
002229
603191
300578
000763
000748
003011
301059
301387
688271
600110
000675
688687
601609
301626
001278
688700
600388
002987
300290
688469
600200
000693
603893
301007
002756
300682
603132
832662
920088
000892
600171
600529
688153
003038
600219
688480
000732
301227
605108
688207
002187
000687
301313
600238
300093
601717
002292
301099
600039
688288
300301
000550
601677
000727
603986
601368
301305
002610
688236
605090
603996
605060
688086
002349
688069
000766
000985
603685
002806
600143
300048
002592
688247
301295
600560
002315
605183
836942
920099
830879
600292
600036
688133
002221
002504
301023
688178
600397
688156
002665
300380
873570
002619
603963
300590
301151
605208
300460
002496
603507
002791
300404
002699
002345
002781
605255
300992
300466
002264
603912
002509
600263
600260
002911
000729
002680
600205
600829
300957
300038
688075
603235
001226
000909
002409
300732
603210
000584
300352
603105
301170
603370
002684
301025
600897
000712
300440
002447
605088
301359
688188
301365
002245
603967
601969
688371
301031
002803
605028
600360
601333
832876
601678
600190
835184
300235
301188
002513
002831
603496
301363
300895
002650
688500
836547
301345
002505
600277
002473
000042
300619
600275
000568
002516
000700
603031
600026
688246
002740
002893
600270
002135
833533
001215
603108
300209
603109
871478
832469
688258
300573
600746
300656
300642
300023
002408
603103
603822
301585
002689
601990
688348
920056
000583
301370
300512
002621
300532
002450
603037
430047
601827
603528
688210
002770
300111
002751
603648
002776
600892
301051
002711
002402
002359
600243
002632
836961
002618
002750
300028
002464
600250
000930
002604
301584
301656
601618
300807
301312
688110
300325
000048
600625
002644
301052
000707
605055
601188
300238
000910
300208
002398
600652
300453
688385
600610
300202
002273
688297
600600
002982
002207
839680
600607
600634
603948
002289
000880
688448
000690
300773
300364
301628
301590
688660
600023
002690
002683
000158
301538
600646
603416
300280
601619
301376
300013
301311
300945
300098
601858
300805
600591
300297
830974
002771
300561
300392
603162
300356
300739
002980
600631
002482
003017
000866
001234
600563
600627
600025
688055
002354
605507
920037
300367
600085
301296
603882
300902
000916
603025
600632
300312
000014
601155
688049
000506
600656
002901
000501
603282
688392
600298
000807
688328
300341
002564
603881
300078
301189
603316
300336
300230
000951
600187
920116
300545
688179
688060
301061
833994
300044
002875
002729
300493
002995
301556
300139
002600
600647
300322
920100
600547
000897
002909
600614
300372
300731
603699
300309
000582
300406
300273
300362
002050
301123
301079
603501
603755
603758
688399
300262
831855
300846
002529
601777
002317
301226
002871
002105
300515
300200
002851
300897
300282
300901
688316
688459
300330
300986
300384
001256
688639
605296
300949
603002
600565
603030
600588
920022
000058
603290
603317
603338
000632
301336
301380
300922
000899
301050
300720
300288
301166
001231
300483
300958
688215
688318
688191
000661
001289
002065
300664
603950
002461
301208
300347
000638
300065
688146
600305
002110
000532
300940
600418
300875
002248
300726
002099
605111
605376
003008
601992
603605
000523
600734
000596
832175
300281
002007
002213
688601
300832
000633
600265
300746
002044
002660
000818
600435
603599
688239
002971
002041
300127
002240
300662
834058
601800
600386
836077
688059
831175
603393
300327
300775
600000
002558
603890
002212
000156
301257
002615
601968
603381
300500
002414
000428
301093
002382
301592
301045
601117
300333
000936
300112
600348
300363
601528
688222
002166
002036
688550
300157
002201
601399
600198
002231
601512
600893
000762
605589
002946
430556
002700
300939
000017
000810
002119
601212
831856
301178
605366
600525
605500
300154
603166
603096
002548
603801
603863
000935
002967
688585
688182
688682
300520
600469
300711
603283
300599
688600
002659
300920
301126
688009
603721
833394
002977
002647
688280
600615
603933
002429
920007
000418
600644
600203
300712
300536
603617
300294
810011
688655
603067
003021
300595
000715
300964
600289
603628
831039
002241
300824
300587
603231
603386
603730
002254
688347
301086
600012
688338
600082
603997
601963
002259
603379
002428
688516
301222
688419
300408
600855
603869
605222
301121
301551
000903
600458
002990
688543
002636
603456
601881
603353
002364
000006
688119
301505
688016
603533
002063
301082
003033
301269
600894
688606
688157
301223
600125
002623
300695
301273
600705
002906
605266
600312
600701
002422
603929
002642
600687
688296
301260
600512
600680
600695
000948
605058
300499
603977
300676
002320
300729
301181
688232
600178
600051
002188
603993
600822
600189
001914
301161
000004
002076
002205
002761
002444
688512
600742
300799
603150
002889
002989
300906
688027
301263
002185
300471
002506
300014
688613
300340
000651
300415
300665
600319
600526
600700
688786
002760
002576
002131
600081
002793
000828
301360
000962
301033
002112
688396
600089
300693
300140
301013
300566
002605
601628
603219
301560
603097
688303
603082
601398
600858
300742
000881
301183
603033
688008
301020
001300
300806
600846
603960
601825
603268
920799
872931
605178
600676
603810
600618
688692
838402
603286
870726
300019
300971
873679
603619
600834
600812
300417
600860
688702
300432
000421
603818
000977
688369
688015
430139
688323
301053
600630
002133
002630
300401
300967
300163
600677
001287
301369
688007
688041
002878
301091
601226
603395
603131
300319
000811
002726
002639
600624
002748
301105
300713
603256
301395
300685
300002
300584
600369
301038
603938
300935
301120
001268
603176
000988
603809
301261
301043
300840
603538
301130
002522
000559
000656
603183
300444
600925
300359
300254
601258
603725
300011
300740
600916
002249
603679
300117
301600
300828
603257
600323
688596
600754
300258
300464
300582
300240
600841
301272
002646
300178
002311
002594
601200
834415
001217
600849
605003
600158
002332
603589
688531
001373
601975
000959
002868
301509
300749
300377
301087
600938
600037
301116
600878
603089
002616
301332
688035
600285
002484
002455
836414
600329
603291
002553
002123
600774
833075
600978
600426
002449
000905
601222
920027
837174
600523
600896
688205
600209
002331
603612
002377
301113
837212
300186
300313
688728
002491
839493
002035
605081
836892
001317
600619
600852
001337
002353
600540
000885
301198
601607
600365
300175
688257
605155
000513
002518
688292
603871
300214
603565
600299
603355
002189
601299
002542
002952
601113
301378
002337
688125
600898
300610
002078
301056
603585
600842
688558
301382
603008
002918
002968
603518
300447
002512
002718
600611
000913
688380
301319
605180
603530
600884
600816
600899
002214
000417
002397
002236
600856
300156
600612
300474
600271
920118
600991
688525
002538
603499
600891
002693
300025
600790
001324
600636
600861
300550
600890
002845
301323
000801
601689
002708
300003
603279
603678
600248
300540
834062
601319
873690
300882
301536
600129
600675
301321
301429
002649
300848
600661
600773
002122
600220
600225
300503
002172
600821
002510
603216
688362
301555
600242
002034
002947
603662
002741
000920
871753
601268
301439
300632
300572
600488
002217
300422
601577
600870
870508
002457
300834
688272
301136
920068
000541
002778
002024
002350
688038
688409
601688
688680
002247
600240
603300
600126
000572
002121
002883
601133
300017
601127
600247
300094
601558
601869
600253
600213
605228
002357
603650
300877
688631
601028
603230
603787
601998
301563
300892
300648
603329
301187
002267
000538
600007
300075
000401
000751
688283
600930
600519
601686
002643
601518
000848
002588
300851
688678
603788
300966
300277
688129
001209
300905
002966
002895
688087
603602
002302
002052
000981
603661
002378
002209
688185
605188
300166
600211
601615
300527
300505
300819
300459
603298
000900
873169
603396
300833
603305
301012
603153
300391
002423
002042
001376
603344
002672
002348
600368
000055
600295
001380
300183
600371
002653
002385
601816
300010
600072
002202
002278
688393
300267
600322
002602
603733
002620
600725
300113
002943
002589
300194
600851
601156
839371
300602
600118
300989
688611
301095
300081
002001
600306
301256
688690
002798
001286
600796
003003
605167
000301
300185
002474
603939
872374
300959
000926
688062
920066
600011
601011
603919
002146
600332
603697
000029
002515
301215
600199
301110
002597
300368
300827
600710
300543
600311
300485
600258
688365
600291
002666
002365
300673
600576
300054
300446
688309
000761
002737
601658
000721
301065
002663
872351
833230
000032
600581
300869
000069
832419
002114
600639
600657
688523
688116
600296
603273
605555
688317
002439
300255
688595
301127
601033
002949
600297
000626
603786
836263
300387
002599
300955
600233
002677
600691
300629
300963
000534
603855
300839
002698
603325
920106
600286
600577
600593
920111
300554
001223
600648
603281
600559
839792
301137
301037
600055
600961
002046
003016
001301
300399
300270
300696
002725
000702
002017
603716
600513
688733
300131
002380
603558
603737
688098
002319
688301
002090
300861
688193
300382
600290
600166
603321
002049
603017
300381
003030
301498
600343
300953
300979
600825
600444
301036
688545
000099
300893
000560
001306
301275
001979
300889
688775
600130
300581
600293
300537
002815
603012
301581
002526
300315
831010
688026
001258
603206
300628
300842
300426
003005
002975
002299
301210
002953
003027
600188
000100
000790
688319
688676
301267
830832
002891
605305
300844
002117
300858
603043
300549
300050
688072
300758
301231
301075
600017
688225
688084
600640
002381
000682
002453
300398
600613
300096
000680
002865
300103
600452
601187
301291
301283
601088
002762
002563
688197
002696
688568
603357
603138
000987
300936
300144
301318
601568
301234
300605
603500
300027
300854
688068
300823
688479
002565
600080
003816
600933
301279
300429
600570
600758
605377
605050
300311
300424
600133
300529
300788
839729
688300
600737
600316
002797
300224
000548
002938
688389
301173
688633
600252
688408
300146
603020
834765
300890
873726
300148
301159
600400
603387
688565
600875
000776
688151
600482
603211
300040
600872
603011
603070
301301
688230
600797
603995
603227
688628
002829
601006
603839
605598
300072
834475
831396
002757
603607
600718
601598
603898
001208
600337
300692
603055
601086
002694
603378
300169
688096
688563
601089
688707
002527
002675
688377
603391
688306
603789
300435
000026
300488
002843
002124
603214
300086
603909
688266
002961
002055
301078
600131
603768
300261
688255
601882
603922
300203
603041
603800
301237
002988
688109
600582
002346
603613
600382
002371
603269
002054
300307
002283
002251
002460
688658
600883
002638
603868
002634
603309
000949
301373
002735
002222
301196
300211
000816
831627
002746
601965
600157
002086
603178
002534
688313
000698
601065
002081
301507
002640
603106
300227
600989
000755
002765
301058
300479
600621
300145
300320
873223
002177
600660
002148
600803
002569
300886
002401
920015
603165
000408
600272
002360
301379
002420
601515
002962
301588
300042
838924
002832
002627
002021
301390
300757
688208
002678
873339
000150
601139
600221
000422
000013
301152
000038
600489
600566
603015
002973
605005
002942
300122
600882
000406
300560
603359
601918
601069
603202
600535
300338
000024
605011
000536
002668
873132
600800
301197
001212
000711
000018
688509
605288
603883
603968
600216
600052
000023
600027
600736
000046
600987
002276
000709
600516
688161
000570
300777
300830
300216
000531
601001
688252
603418
002393
600712
600583
000040
601633
600900
600004
600717
301300
601038
300523
600317
000670
300948
600556
600778
688339
000019
603706
300222
688163
600470
688111
000823
603686
300539
301008
300354
603603
600357
000015
000537
300350
688298
920082
002549
600653
300263
688001
688327
300034
000033
000912
301372
600345
430478
300298
600690
300494
300026
603101
002566
600054
002200
688608
603937
001696
301024
002561
300907
601929
871970
000047
000404
603021
000416
002237
603313
688021
002917
301398
600527
603003
001395
301459
002373
830964
301609
301141
603280
000558
600726
600338
300213
300080
688503
300073
600869
603157
300700
836247
831304
601168
300172
600356
688088
002328
600160
301157
000412
837092
600321
688432
836419
688335
601818
600616
688439
301230
000056
688498
688638
301225
000676
300180
002707
300481
600385
002486
603726
871245
300223
001359
600777
002436
601022
600281
601877
300405
301515
300607
600880
600491
600234
600769
000768
601456
300938
000001
603310
300556
003007
300930
603205
600697
002274
603133
300896
003025
300622
300106
000888
603867
603690
688426
688617
000975
300201
600114
600814
000950
600284
000405
002923
002265
600959
601700
300324
300167
603999
301111
300279
300036
603555
000901
000683
300867
300781
601377
000533
300346
000718
300960
000803
688311
002312
601989
000413
301297
838262
001277
688779
601390
603660
300706
688025
603193
600393
600981
832110
000918
300142
600689
600485
600218
000956
600805
603856
000983
300659
300668
000521
300084
000563
831526
000510
600279
300033
002269
837592
001336
001211
300160
002307
600665
002179
300931
002738
603738
600759
603639
002087
002796
605577
603057
600375
601599
600854
301377
603071
600398
301209
000059
002053
603803
002392
603098
002220
301629
300009
002097
600135
300332
300988
000045
002837
300808
000155
920018
601326
300174
600390
000639
688526
002587
300366
301339
002260
300068
600278
002341
600838
002467
002113
600941
600745
301182
600706
000893
002013
688155
301100
002685
600116
601008
002118
300243
600886
601665
002866
301335
002611
600810
301211
600664
834639
603687
603817
002913
300061
301092
002325
300717
300850
000939
002190
002018
601900
603383
002897
600507
000027
301138
601666
600760
600335
301591
837663
688721
300275
836260
300514
002301
300937
300841
300434
002270
600847
603102
601519
688295
603201
300853
002091
300694
000829
002687
831832
002147
605179
002255
002028
300046
301282
920167
600711
300715
002753
002887
301393
300675
600550
000929
603158
603222
002096
601101
000979
300306
001285
600867
000692
603161
003042
600137
300928
300843
834021
600326
001378
601588
002841
300400
000961
002658
600466
002336
600906
002508
000906
600401
002089
300414
001225
603816
300334
301371
600462
600380
600866
000566
600472
300576
688605
300887
002419
301070
002908
002326
600228
002011
002280
002069
300703
601949
301102
688472
002552
600881
000652
603111
600845
603689
600623
002288
300070
301367
002258
300475
000520
000726
603665
300987
600227
300257
688071
600101
600028
603042
002442
000976
002043
002673
002145
688019
600339
601012
833781
002327
300531
300245
600586
300253
688052
600889
603577
603139
300001
603350
601328
300580
688496
002070
000982
002143
688557
600432
600807
000996
002344
002773
301177
688584
601016
600176
601020
002002
300302
300412
002670
600331
002039
002308
300933
603819
873167
603119
600477
603360
603077
600663
603992
688629
000915
603991
002614
600877
002819
002557
002029
300921
600658
000971
688270
600908
000737
601919
600622
002226
300759
002437
688582
601696
002071
601952
688036
301085
688618
300241
000837
301266
688248
300212
002573
001288
300159
600532
300191
300433
300021
688513
300564
300152
600508
688425
002731
688091
300985
600155
300809
600372
000036
838670
002287
301348
301325
002487
600782
002293
603421
600383
300195
003035
688530
300663
002681
000719
600117
688755
601096
600094
000777
300614
002978
603385
000758
000757
835207
002132
300779
002777
300099
000868
600268
600066
603220
002919
000723
688562
688211
002438
003037
600266
301004
600373
300835
603169
002431
836675
688282
601369
002612
002824
600282
688083
000809
600030
301162
600229
603087
301011
002885
603356
300904
302132
002322
002948
301160
600180
600173
603331
002935
002743
301308
002244
300491
300449
835185
688484
002785
603271
603115
002813
600152
301201
300378
600370
000795
600673
688681
300128
600231
002263
002724
002066
601985
688698
872392
002997
603332
301678
600273
870866
600156
002261
002372
002454
600567
600354
603798
603259
002394
002984
300041
300504
000821
835579
300517
002657
688506
603811
603806
002985
601766
000968
002633
300477
688626
300577
300035
300165
002857
300317
002767
300413
000429
301630
002134
300141
688196
301559
688507
300365
000009
300136
300478
000792
000610
600538
002723
430476
301009
688366
688073
000767
301281
601921
000629
002511
001366
601163
002709
688577
002641
301010
688058
300125
688276
002321
600033
600549
600731
002333
600355
600873
601991
002802
002456
835179
601601
300197
002033
688443
603311
002840
300509
301287
301163
001205
601838
000738
300647
002101
000594
600436
002788
603611
603160
000970
831167
836239
600543
600642
688515
300250
300917
000813
605588
600120
603956
300644
603669
301358
000157
002193
300256
688048
300792
002959
600256
002169
601600
600307
000159
001872
600997
600423
601866
603171
002230
605007
300603
001213
002374
300767
002591
300670
831195
688123
301519
600511
002224
688333
000587
833454
300124
000050
002045
688556
000571
000411
300868
002079
601228
000585
300105
000825
002368
002204
002072
603688
300162
600495
002578
000839
600185
002142
000565
688716
600698
002061
300800
601988
301205
600927
836699
300593
003002
300747
300617
300518
688593
300058
605289
603477
688267
600638
603989
000546
600057
002116
002701
603113
002930
003006
000588
002083
002082
300597
002223
300088
605080
603365
601198
601669
002490
600820
600637
300856
002235
002655
603083
601698
688418
603207
300585
600193
001218
873693
601121
301399
605138
831152
605162
002403
688486
601668
603596
688249
002102
600022
600572
000908
000796
000039
872895
301469
300410
002838
000919
301080
600926
300355
300343
603616
301293
603198
301109
002178
603061
600236
603505
300818
002068
002713
600830
600019
300482
002111
601878
002631
001270
300829
301616
603086
300266
600802
002839
603983
300625
002295
300123
601901
603062
688121
601186
000657
002434
872925
603519
002688
301468
600395
300816
688192
603666
002758
600223
000589
600206
300063
836957
000779
603022
688114
688800
002412
300538
003041
300472
002003
300278
002210
600696
603880
000665
000725
601928
688122
002497
002367
002227
300684
301636
003013
600561
000701
001279
002291
300838
300946
430198
688598
605122
300425
002856
830809
600967
601177
301539
300660
836395
688539
605066
300735
002661
600446
838163
301167
300272
601366
002304
300318
600104
688066
002362
688291
600995
000995
603703
301392
300814
601997
603569
600179
603275
600958
000011
688289
688357
002730
872190
300849
688238
301101
605337
002432
688137
601009
688420
002822
601956
301090
000619
600585
688569
600629
002705
001332
600428
603708
002323
002481
000921
603458
301522
002250
301172
688623
002870
688234
603908
300639
601699
603659
301139
002941
000965
000062
301322
002228
603194
300863
300621
688020
000407
002554
600099
600756
300511
605277
000517
920819
688588
300638
832735
002030
600808
688669
603010
300708
002999
688662
002766
301158
300323
002243
002656
601898
002739
300601
300244
002763
300981
601728
002197
002154
600771
600283
603018
301149
000543
688708
000630
002613
002149
300221
603045
002421
300640
688199
301330
003028
000852
688147
300618
300649
600671
002957
600109
603326
301529
300291
870656
300196
688089
600537
002470
300210
301508
002342
603985
600096
688620
600308
603308
000426
603027
301550
600552
601018
002366
000002
300873
301517
000925
600794
601118
601996
002451
603289
300894
688478
601608
000826
300884
003001
688599
688798
000068
600693
600996
603916
920029
000958
605580
603296
603998
000928
300189
002662
430090
300012
605339
002861
000922
605333
300143
000778
002896
688619
002955
688449
002268
002932
001313
002716
002462
833914
000838
688160
002418
301518
603489
002607
000601
000553
603006
603535
688570
601311
000963
301353
688505
301097
300321
603987
300563
688010
603609
688106
600163
600222
603212
688223
002186
600590
600744
301355
603579
600686
002009
600196
301658
688508
301098
002543
603196
688057
002092
603767
002818
300756
002937
300913
300490
002792
300591
834770
002440
603897
600965
600403
600755
603335
002284
300376
600510
688363
688695
873001
688173
002395
600262
300066
002742
603680
601128
603712
688739
001282
300083
000889
600288
603398
600184
000090
601899
600336
002521
301206
301618
300968
002031
600979
000333
600031
300389
301586
833523
301520
600500
002396
605186
600058
688722
834033
000070
603156
920060
000883
001255
002176
300743
688065
688184
300804
002719
300719
600528
600408
001322
002645
300991
002171
300345
600352
301246
300994
600719
600809
000953
600650
688078
300173
688758
603056
000793
833575
600879
002347
603358
688750
002239
600476
835368
001338
832000
002194
605259
000539
601005
603336
600936
300888
002582
002559
300770
002015
000969
001331
603197
000526
688233
000800
600750
002601
000735
688429
301525
603007
002676
688603
603312
300326
603126
605033
430685
603208
603587
300975
430425
603966
832978
600480
301119
001316
002799
688053
832885
300383
300458
600038
600868
688045
300226
603187
300335
831906
600818
000756
600645
832089
002853
001309
832786
600692
603879
002441
002606
600128
002547
603195
600678
601083
300390
000545
688677
002550
300219
600539
003020
603429
837242
688004
002752
301631
688287
300286
000573
300778
688416
300193
600419
600970
605365
873593
600826
603677
002817
300653
688329
603658
605086
603051
603949
600587
300396
600063
301665
002386
603079
001260
838227
601236
688102
600177
600757
002867
600848
600463
688229
688101
838810
000980
688499
000990
601199
300870
600333
835237
003032
002208
300251
600589
002523
600998
603590
300480
300722
920080
601026
603606
600122
603409
605117
688352
600021
001391
002722
301502
301255
300627
301303
001896
600609
600515
300008
300004
300950
301327
603722
688244
000061
688117
300961
001239
836149
600269
600506
600741
000720
300045
002808
000542
603636
831087
600601
300730
600827
600302
301251
300388
300915
301356
000527
603676
301265
688100
300053
688032
600029
688099
002996
600399
688567
603226
300530
002435
688278
603917
603757
603341
605118
603709
000713
000400
300579
603887
688158
002706
600831
300821
600084
001210
603557
002433
600083
002411
000609
688502
603367
831370
300283
300691
603717
002969
600439
601872
002216
603266
002556
000590
300220
601288
000515
300635
836208
002458
603444
000561
300421
603203
000031
300583
603790
000685
601077
600828
601857
688581
300374
300790
600806
300998
000025
002598
688612
605499
603236
600301
300496
600919
002936
000535
603630
300651
002811
002391
000030
688475
601061
603209
300005
301397
002882
000420
002697
002329
300857
600093
002654
600863
600716
600090
000607
603278
300101
688061
688200
873527
601000
688386
300342
601908
603773
002900
003036
002609
300686
300461
601880
688166
002152
603323
000960
002310
000088
300926
600287
600824
603218
301049
003031
688659
000859
600770
002005
601616
000502
603486
002286
000419
000593
300502
603014
600497
600819
870976
601860
688343
001216
688097
600346
600087
003023
600813
603032
688302
002931
002560
600905
002507
688529
300541
002242
833455
000802
688360
300077
688082
600092
002012
600811
301180
000540
688080
301317
301035
688070
002976
600350
605258
688561
603601
600460
300879
688314
002779
300956
601933
301176
600112
300932
603886
688788
000547
600105
600548
832802
000932
603285
000415
300883
301448
688131
688172
300528
603711
002400
300006
001236
603861
301132
603223
688209
002939
300476
300228
600086
688776
300557
600091
300866
001368
688697
605218
002786
600738
300699
688646
000695
300977
600102
300811
600594
002500
002945
002879
002567
002369
600753
600533
301069
300393
688170
600684
300678
300443
002920
600073
603095
000530
600568
000508
688375
002459
600722
600823
688777
001266
920682
000703
300126
000659
301248
603588
688591
002141
300984
301118
688202
002858
605098
002413
300608
601208
301326
600864
603303
300452
688141
603186
300155
000505
002094
603928
600727
603536
001400
603568
000549
600795
300450
300871
000736
600420
002965
300419
300248
002057
000997
300969
600461
600138
835985
300287
600975
002963
002173
600518
002721
000592
600098
002298
300441
002986
600768
000791
000890
001219
600901
000511
600969
605077
688468
600449
688787
002174
301548
600483
688701
601330
000522
605089
689009
688737
001227
300204
300710
600980
600955
002339
002424
688262
601375
688022
605338
430300
688466
605299
603390
300568
301055
603058
600153
300571
688361
002417
300170
839725
300812
688029
300681
836422
300702
600503
002074
601360
600429
688656
688793
601216
603797
688433
002864
688520
300911
000060
002156
688367
605056
301262
688003
688105
688293
688126
002127
300296
832651
601238
600217
605286
301489
603179
603188
300454
002136
301072
002358
000716
688299
603899
605189
603016
835438
002306
603013
603128
603073
600787
002038
002157
002671
002272
002835
600733
300552
600406
000812
300087
301207
000998
300978
000410
603901
300423
603506
002340
002950
300470
603366
301236
688410
000672
873833
300589
871263
603170
000989
832566
002749
600141
002732
301218
300418
601788
688533
301596
688326
300996
300231
603610
000895
301383
001207
000797
831689
600010
000555
300498
836720
300132
688485
600018
002383
603392
872953
000620
000650
000605
002580
300737
002494
600654
600688
830946
601218
300411
000617
301029
001323
600685
600379
300371
301199
605196
601939
300184
601225
002252
688376
601916
688167
000012
300416
603586
600496
300872
603656
300438
300265
002590
600095
300860
000065
688351
600367
301032
688067
688597
601229
600340
300206
300134
002531
688203
603598
301001
300510
300047
001314
300091
603729
688005
001308
300594
300247
300669
301386
688518
000858
688411
002361
600708
002406
600235
603155
605020
688353
601108
600151
301488
002635
002902
300310
002387
002783
300880
600313
002807
300110
688665
300427
002316
603838
001333
002195
603399
300119
300147
301192
600917
002151
603118
000514
301349
300760
301046
300615
600748
600239
835640
600720
688006
301003
300293
603777
002407
600127
301310
002215
002161
301041
300910
002355
300636
300718
600743
002628
002352
300168
002182
300980
601107
600169
002800
002303
600918
300765
000557
002138
603180
301039
600009
870357
300007
600056
833427
600928
600487
600751
301389
688551
002225
002203
603075
688132
600505
688560
688148
002445
600843
301503
688183
002691
600985
301603
603276
688696
002026
838275
600763
000955
688799
300507
002219
002998
300031
002648
301171
600318
301190
002774
002198
600963
603059
000409
603035
688077
603707
002285
600668
605399
601339
001311
600212
688435
601388
002520
600479
688579
301632
688079
600048
600798
603766
000600
600396
002714
603915
300962
688391
603038
600006
300941
300762
600267
300039
002651
300118
000856
603808
002206
600740
600853
301063
600780
000937
688388
000636
002775
300733
300271
600459
600839
000860
600521
301017
688355
002686
603466
000728
600558
300150
600871
601778
301419
600378
000678
600327
605319
300558
002637
002084
300370
600172
600161
000063
600409
300394
600064
601169
300592
002300
600728
002290
301150
301277
002493
601999
833171
600132
600421
600015
002483
600300
836433
603885
601021
001382
300085
600251
002443
603406
301408
688118
300268
600136
300316
300562
603177
002488
600679
603978
300631
300329
000635
300237
002170
600739
000166
001367
838171
002405
688265
836826
605177
601890
688549
600170
600255
002536
300095
688358
300299
000831
002979
301057
600123
300276
600328
002415
301048
300239
301510
601111
688090
002476
301421
301022
002032
600315
300774
300439
300771
601868
000516
600020
600150
002103
000783
601555
002313
600016
000552
600674
002256
002859
300983
601567
603238
001299
301589
300308
603232
600195
603990
002379
300024
600330
603137
000612
002023
300158
600704
605001
601058
600956
000430
300465
688168
600391
001267
300030
600888
002903
603683
000338
600835
688030
688063
003000
002016
600765
300707
301285
600984
600366
920128
600377
600584
603375
600617
000786
603237
603028
003018
300680
603029
300182
601010
600121
301067
600186
300916
300506
300328
600053
000875
002755
300337
002163
301316
000637
002060
688390
603233
002282
000759
688387
603182
688455
601801
002574
001318
000544
002140
301077
600078
000628
603878
601231
600351
301622
003040
002572
001326
002769
002626
603382
600475
000586
601098
300032
002309
300784
000625
600649
605158
002426
600520
688322
600226
600874
600662
002922
002535
688395
688177
688187
300570
300246
300020
301361
601158
300360
301200
001230
688107
688231
600604
301229
688729
000677
300782
600651
000972
002533
688686
600207
688765
920158